25
1001111111100101100100111
0101000000010010111100111
1010100101101011001110001
0101110101101000111101011
0011010001110011010000001
0111001101101110010010011
1010001011001100000110101
0001000100100010011001100
0010010101011000111101010
1001101011100001100000010
0100000111100010011001100
0100110100100011101111011
0011101001010010011001111
0111001000001111111111110
0100001011001000000001011
0010010010100001110111100
1010111111101101001001100
1000111101111011000011001
0010011101011110111010010
1111011110001100011000010
1100001101111111110111001
0100000100111110011010100
1001010011100111101101110
1101000100011111100100011
1111011001010111101001111
